0,5860.671186,3538.826916,624.444542,13663.72268,1357.555883,7488.363192,3853.420904,1087.295919,4808.755695,4646.555691,6223.658226,6313.254019,1735.705266,2921.770485,1084.689197,11849.12992,3646.502593,2961.489412,13216.85728,13649.81746,10878.98484,11774.84976,5378.257305,1701.874379,6509.608395,4429.380232,6325.037324,4355.541584,14736.77524,0,6945.628527,5106.822262,4297.94613,5317.819758,12731.38998,4932.8067,8385.693143,13678.20474,2370.071659,3748.339948,4042.91396,2636.188513,4106.975511,11999.66354,4660.368678,14048.82069,2465.524262,4954.946783,3492.422928,2696.339889,3632.281339,11910.04252,4470.148077,5848.223555,4960.433363,1416.342286,6603.479922,7369.521823,7751.83391,7787.319073,6052.981014,2932.714381,13323.8742,12112.81625,0,13257.73395,3663.533037,12140.46683,3428.024066,3948.076659,217.569437,5472.688397,0,1186.117739,5776.191633,2276.164221,3757.144156,12571.92011,1983.808632,4827.773159,307.005704,3491.851189,104.39731,3773.480374,4492.688886,1207.204784,3045.111789,2198.920757,7600.380797,3301.540921,11818.29549,2640.638677,7317.941226,3412.234027,4638.799124,3379.047952,0,5628.189638,2855.707883,4802.775135,2935.794767,12101.46411,3368.72333,5767.002259,4158.989511,2240.672993,3585.509395,1601.557941,4967.882238,6305.591244,5490.185552,5217.098419,4233.677304,6505.815523,4577.963715,5147.544863,13272.20066,4593.211623,4121.675609,960.650232,12583.40779,583.514503,0,13468.41028,13832.12035,4863.335007,8098.135316,3401.258446,5766.244765,13633.58835,2325.595553,1014.835758,2860.340195,1299.783526,4699.413638,973.069276,2548.326607,7530.255046,4944.314811,9673.378576,7704.271964,13636.01198,3371.289737,6437.964799,11864.21731,3474.412367,3892.210691,3949.464603,6903.001703,3884.416085,6519.603803,2964.61116,0,7264.60674,13083.71807,12068.62936,4439.864276,1461.342505,4400.21543,4005.642395,2234.047416,13835.84572,7213.745826,11892.88689,12152.23318,3087.585117,11128.99115,12881.54457,1500.624876,6590.89981,5274.838214,5959.486165
5860.671186,0,4938.527431,4734.797603,6770.430878,5698.664024,9073.541436,5632.750085,5682.300506,899.357967,6017.418256,1622.727004,2114.990552,7978.095791,5170.084155,4808.62091,9688.867817,5234.091228,6283.477812,11222.64897,7296.697542,5138.320314,8147.032289,10119.86354,8149.179128,31.660305,828.422743,8549.674876,5580.135792,7701.737393,7351.96016,1995.288867,730.422432,0,0,8799.331329,2091.888731,4470.915395,10611.25858,4773.127471,5873.942287,5733.910041,3000.837318,6546.919577,9181.250324,2750.250499,9666.36771,3208.095425,4817.058573,6962.025658,2047.110162,7176.794978,14649.27176,5086.509139,118.063989,6233.063798,5769.600661,1713.475131,2641.81997,3505.479787,3399.550306,622.107172,4533.241949,11262.99547,7656.291259,7351.96016,10715.31302,5221.024303,9532.674712,5583.377155,8085.995292,5831.385527,6534.436154,5019.575313,4728.133403,7961.581959,4306.864855,4557.674993,9999.608105,4295.697861,11482.91442,6271.536259,1513.765901,7123.356427,9057.376372,11771.29709,4823.98391,9016.698573,4686.18478,2408.78251,2913.665459,8315.750159,6494.616417,1321.40376,6543.525026,6002.450777,6747.929759,7351.96016,4134.730376,5731.665558,2137.563229,5692.095631,11119.24417,5081.488795,2416.324332,4458.555468,8255.175896,5168.972196,8911.176484,712.15373,2973.396959,3579.672485,945.574113,8599.279112,0,1112.053809,1112.053809,10714.19946,6148.890424,6940.053273,7413.029139,11556.2946,4346.840399,5611.068425,10008.41237,8519.052626,10505.70524,12560.16716,5978.857733,5060.766657,6858.543024,4462.847752,4738.702224,5439.81452,5908.243569,941.470186,3456.507958,1764.461075,3227.222354,8913.307591,14115.2821,2881.23171,11199.4454,5243.589521,820.697153,7401.685242,5802.573133,5523.226182,6625.670095,1216.014304,1353.647981,1685.80781,8487.585698,6860.209273,10817.33424,15247.0391,8265.433816,3851.331564,4800.788811,787.779307,1083.920742,5721.499172,6669.453045,9534.32461,8330.608654,8110.012426,9146.644947,14447.73254,16119.10161,3264.680127,752.345553,0,197.811585
3538.826916,4938.527431,0,3367.013813,10518.41457,1884.111635,11803.41091,536.931052,2011.559917,4754.779876,1314.979084,3466.106536,3357.010079,6287.550446,149.92766,3146.679569,8538.406356,77.23922,1029.267094,10012.49939,10153.77097,7523.9098,8114.096178,9937.189988,6281.121562,6379.804382,3183.05712,5195.868073,851.458088,11156.16182,4418.3987,4025.357601,3001.884321,3824.730831,3992.742535,9144.932791,6133.612269,4819.224931,10246.00692,1164.608335,695.192353,750.499612,3716.711494,1415.205077,8452.450146,1010.483085,10396.0877,993.549942,1277.790517,1707.628753,3234.908315,1923.390438,16005.12061,803.117292,4201.130358,1677.606757,1593.412386,3736.588058,4157.888772,4395.02562,4453.590046,4134.371303,0,10136.41613,8429.567703,4418.3987,9894.410177,69.256436,8649.557408,361.073961,8252.685828,4645.614614,2215.150638,1962.415781,1767.80877,3241.838591,1504.664973,76.096263,9125.923689,1568.851827,8639.437786,2151.154172,4074.84192,4050.598853,8313.049095,8407.762163,2637.184794,7650.316719,1471.24953,4546.43493,756.211895,8168.840671,6693.71228,7604.212644,1285.142309,1276.350253,1495.876156,4418.3987,1962.388362,715.284642,6466.119526,6600.968176,9680.755391,0,2729.47099,641.377145,6848.416965,0,5125.322768,5866.699074,2819.309265,7660.51959,5587.480101,8588.572156,6310.611198,1910.842613,2946.515742,9896.782237,1377.088412,1893.284132,5436.788092,16043.4224,3605.65412,3778.847911,9914.108097,10152.43908,9366.804076,12677.18624,726.704041,2110.314002,10410.08788,1544.357938,3205.626037,266.287213,1309.473411,4627.131652,1750.946437,2009.431759,4151.275476,9289.824311,14143.19174,4514.619857,10339.35887,38.730171,4397.230906,8187.73351,576.298387,467.910745,1473.174755,7331.913122,1840.121998,3698.856672,7528.569032,3913.871501,11779.08899,17037.08025,8403.90857,808.10177,397.504633,4628.800817,4123.060048,639.246466,10987.10836,6555.223684,8240.498059,8490.531065,7697.131588,15535.95763,16560.09686,3319.101558,6911.06579,5403.371121,6200.765245
624.444542,4734.797603,3367.013813,0,12601.78818,1683.21237,8061.078938,3995.119219,1529.809435,3681.907334,4827.534285,5239.077241,5344.711606,3175.439411,2925.544437,193.045353,12094.38511,3620.31037,3489.744961,13580.75496,12710.82926,9943.474688,11465.01408,6550.329279,3227.078126,5396.112758,3311.644129,7527.188443,4403.791697,13812.1654,2114.637024,5968.828039,4075.161791,3174.56629,4211.016224,12610.00682,3925.024113,7722.261778,13789.53836,2063.765369,3983.866621,4257.1428,1509.307443,4533.341,11962.24892,4019.606792,13711.64909,1523.757762,4720.615765,4164.525829,1569.942071,4391.974113,13666.47099,4331.066952,4745.268895,5190.728739,1884.706604,5623.082874,6468.611529,6938.446981,6957.441858,4962.13145,2600.656286,13703.27335,11615.53088,2114.637024,13456.46441,3638.864038,12187.43888,3639.991277,4645.74987,1200.488437,5730.263793,71.851324,692.920772,6417.751868,1746.521625,3548.112727,12675.44013,1490.245378,6721.75676,1686.198523,2391.464613,1931.143128,4966.768722,6613.794958,562.537158,4503.961754,1815.926998,6611.569057,2681.765274,11553.09113,2988.845768,6251.572832,3945.137922,4797.075555,4005.451684,2114.637024,5186.757854,3110.255899,3887.75573,2839.31201,13244.81387,3256.250891,4908.665975,3764.427996,3677.98272,3520.152742,3719.572217,3922.440718,5666.158187,4721.990306,4117.360575,5040.474475,5391.079279,3684.489697,4113.497007,13457.40983,4861.827443,4948.111881,2370.835653,13373.50754,0,522.931599,13391.85416,13332.86323,6616.581912,9591.522011,3714.400517,5620.387561,12587.55523,1773.274223,40.033719,3004.835623,1843.12339,3572.016629,0,1506.304227,6709.565802,5707.765923,11279.36928,6780.248787,13907.40041,3341.079117,5357.694127,11319.91626,3714.773027,3971.172937,4500.495445,5847.670329,2893.700546,5540.026727,4283.546656,1646.206523,8254.370672,14741.08194,11731.40051,4002.896222,1562.170467,3298.70662,2878.475182,2678.437526,12737.52721,8899.649301,11615.21277,11761.33151,4648.402234,12700.22796,14735.25661,439.96978,5517.862808,4168.686443,4877.558748
13663.72268,6770.430878,10518.41457,12601.78818,0,12413.63658,7105.198381,10260.17071,12491.87826,9107.10837,10122.17238,6956.711648,6586.942943,15704.9286,10834.82744,12563.1609,4792.475182,10515.00287,11388.26871,4848.285267,0,0,3894.983079,14347.16106,16207.52192,7211.238835,8106.985765,7223.901597,9979.04169,0,14938.83583,6002.592873,7507.912433,7328.918037,7312.393411,1985.168998,9984.919182,5501.517465,3772.070691,11277.47958,10598.60595,10174.29307,11087.99611,10721.63593,4399.489433,7603.6564,2319.090666,10008.83355,8488.403244,11599.142,10069.50965,11579.73793,9291.337754,9308.510911,7234.632235,9640.746817,12221.18259,6451.062315,5760.420276,5878.526846,5760.420276,7404.452772,10474.68712,4717.224822,2602.77245,14938.83583,4470.227898,10394.08391,4448.498789,10660.92402,12397.03609,13597.68148,9564.207277,12367.81632,11747.07204,10133.49591,11263.31508,9650.891163,4525.014185,11262.09374,15998.24875,12854.36272,9724.018936,14562.2571,14971.30234,17325.32096,12304.8273,15383.79745,11435.21896,5830.377008,8862.679172,3955.960669,13723.57979,7386.814074,11409.98856,10202.64512,11457.07775,14938.83583,6558.654152,11415.71056,8836.511723,13121.32303,4922.687326,10650.16309,6215.537574,9883.81549,14776.86286,10573.26961,15811.06491,7977.84338,6121.337375,9985.104366,8989.479394,13966.42028,6719.39012,7066.600197,7066.600197,4079.987765,10193.98619,10819.83942,15477.7134,6963.04451,12443.48121,13600.8605,3455.280503,555.749113,14400.4906,11639.69816,10813.50079,8381.679676,0,11280.04918,12552.6072,10894.5938,11293.95234,9144.158915,11176.4931,9187.634458,5825.291995,13965.14206,10993.67062,5756.77305,4538.435866,10679.84957,7068.222229,2736.798283,10792.51348,10416.82161,10975.25048,7890.553678,8314.736352,6889.058228,14390.29381,14398.73224,12757.06551,8978.830865,3548.446734,9160.337102,10940.22885,9031.229539,9273.167029,11140.46153,0,5389.525521,3891.037747,2489.036846,14782.57342,10018.48674,9378.706838,11300.44482,6503.276121,7823.172019,8065.345052
1357.555883,5698.664024,1884.111635,1683.21237,12413.63658,0,9726.275913,2211.996209,0,4836.894595,3025.89478,5030.973411,5048.525404,4111.970305,1253.394465,1454.321239,10335.52093,1978.276641,1500.896616,11750.37641,12162.09006,9460.057865,10108.22086,7755.772549,4108.931484,6639.316491,3830.775831,5708.22159,2701.027717,13182.37058,2323.164375,5691.878757,4143.443371,4145.18152,4770.984969,11091.57491,5568.926975,6826.388396,12108.00438,941.389722,2130.711187,2444.610201,2914.150062,2589.334847,10373.53702,3033.783592,12385.44974,1297.58993,3290.475734,2156.500247,2768.980922,2411.854148,14329.33964,2801.502448,5197.490365,3367.962725,0,5359.858722,5982.534656,6304.42264,6351.363177,5320.086293,1407.406511,11862.83193,10449.69794,2323.164375,11717.85882,1999.240774,10537.39114,1795.286778,6101.928965,2476.902993,3894.868042,0,225.578465,4427.056254,1017.184534,2107.285431,10989.54593,867.224433,7116.037259,538.696365,3856.051019,1943.650928,6131.189268,6709.355909,980.816321,5480.126658,884.946286,6296.173877,1907.850218,10154.82263,4631.52244,7685.871922,1956.972633,3011.395729,2001.067448,2323.164375,3993.388925,1221.333473,5648.662789,4710.767005,11365.59459,1705.749348,4418.719004,2573.316702,4682.056537,1917.503228,3401.688119,5493.196132,4778.119044,6621.939989,5500.406235,6418.57024,6624.373799,3296.020763,4142.539152,11724.92058,3008.968788,2970.18501,3258.04745,14830.6169,1670.289305,1654.737152,11845.96869,12164.12324,7333.433433,10573.02182,1823.701842,4098.376664,12338.41317,1124.844537,1483.043952,1202.360335,113.725664,4702.420446,928.319468,2068.518364,6079.8064,7124.591184,12148.42209,6336.971419,12128.1108,1702.781785,5611.170906,10215.03247,1859.028782,2235.640556,2517.008937,7315.718889,2960.441288,5294.773281,5350.753651,1788.918866,9598.083757,15498.61319,10401.12852,2820.845253,0,4587.056653,4029.983466,722.414134,12789.8153,7389.3347,10228.57996,10485.46216,5540.434645,13602.70902,15220.01931,2261.92781,6952.15814,5448.251066,6253.354979
7488.363192,9073.541436,11803.41091,8061.078938,7105.198381,9726.275913,0,12247.73089,9514.611855,9068.162868,12983.93686,12345.53536,12625.15257,5018.797574,11287.90175,8640.675787,14256.74036,12008.58831,11162.944,12837.00792,10329.32006,9727.463419,14311.44957,2069.064069,5524.022434,8274.886409,9808.836532,10255.82577,12762.6969,7011.708734,3719.578821,12840.10154,10778.04925,8702.48598,10507.23789,12083.01944,7277.478457,15314.37764,12521.16221,10503.87354,12113.73041,12367.25414,8554.204348,12302.98043,14095.19841,12121.10323,11168.44876,9671.047041,13186.10413,11492.50424,7915.908182,11328.8478,2199.130954,12777.15258,10776.18151,13024.73651,9844.654946,12484.80321,13480.78251,14316.57815,14236.56993,11225.13535,11062.22405,12523.81963,13157.76756,3719.578821,12697.63314,12054.42673,13982.31711,11820.48805,164.984603,3844.710458,13630.873,7672.088955,9051.861918,13256.24127,10193.08539,11998.48959,13734.1698,9946.822719,3985.854039,7496.174686,8066.803867,7483.516511,3208.82866,4930.943795,8979.061921,3475.90424,10269.21255,13251.42102,10722.97721,14304.01296,4719.430583,7868.413966,11563.06481,12990.60811,11477.28924,3719.578821,13580.27208,11262.21393,6541.717696,5216.280196,11157.66655,11671.3062,12636.54968,12224.72239,3717.039416,11920.2459,6245.686565,7542.798304,13566.49428,5644.880585,7996.567991,1831.768185,8712.657575,11388.6839,11388.6839,12624.6862,12850.79704,11348.95591,5765.335262,620.803545,7602.031616,6915.889621,12527.70738,10664.91036,1938.248694,93.035521,11733.73941,14080.46298,10234.786,10239.074,8501.065974,11273.9826,5901.409754,9108.634318,7915.13628,9312.850746,14030.66986,2647.023649,1428.843165,13737.81244,12590.26255,11722.26696,11644.16762,13336.89331,11845.67766,12303.01975,11686.03922,7764.219317,10537.19613,12435.19195,3136.613029,7482.7016,336.967683,3225.48663,13898.46418,12413.70248,9758.700587,7765.986615,8863.787329,10562.52759,9516.12822,7195.228428,14234.99598,12758.73574,2993.532792,1727.527294,3766.244984,7527.415074,6411.742872,8337.136902,8053.591959
3853.420904,5632.750085,536.931052,3995.119219,10260.17071,2211.996209,12247.73089,0,2317.165458,5600.524145,354.801038,3882.61786,3654.396948,6497.616767,572.970334,3762.271427,7632.280631,160.970927,573.369699,9078.42408,9672.108159,7279.525469,7359.070447,10146.06666,6469.969167,7184.295129,3995.848043,4432.826875,0,10617.24387,4535.664977,4286.85042,3694.371531,4598.40753,4741.350155,8317.762022,6983.063048,4483.748508,9358.548276,1871.616674,0,0,4528.098761,668.044308,7601.346288,1108.485234,9626.023444,1844.295337,719.745752,1078.685078,4073.736524,1269.411333,15592.73107,143.823714,4891.268444,716.340722,1841.585924,4076.223473,4217.106608,4315.23681,4390.484427,4756.414176,762.382096,9199.321926,7750.621532,4535.664977,8988.314134,29.78684,7774.414559,0,8637.292681,4861.819649,1250.81776,2351.604451,2350.670355,2378.90807,2208.178469,0,8237.332222,2272.536335,8248.556155,2171.395217,4926.771223,4172.519992,8541.078592,8176.147774,3233.989167,7789.711294,2134.628245,4647.031309,1490.285538,7396.697,7188.824509,8423.911371,741.700018,318.117451,864.935649,4535.664977,1652.929097,705.11836,7303.218398,7202.467328,8739.809679,639.751726,2760.586455,1146.823989,6994.190326,421.549555,4998.062072,6717.3709,2714.043227,8484.592106,6436.363005,8923.995257,7018.739794,2549.208794,3625.944744,8992.674347,441.576158,1108.100259,5674.839792,15463.0981,4154.023949,4214.765304,9072.942944,9444.161932,9333.130568,12661.34483,145.027363,1396.691544,10027.79953,2258.90371,3817.155331,300.152458,664.208786,5474.679024,2455.379688,2856.587745,4031.075496,9635.86426,13989.80454,4554.649891,9421.134243,223.023794,5001.14175,7557.322222,0,0,713.829967,8167.490946,2549.946018,4069.314189,7732.696269,4083.66059,12032.12273,16520.66045,7656.959281,1052.197546,977.137368,5477.183721,4974.294105,373.070422,10810.50095,5590.931232,7472.363783,7737.239634,7823.636135,15284.86909,15999.88188,4097.572559,7738.993427,6242.783888,7037.980781
1087.295919,5682.300506,2011.559917,1529.809435,12491.87826,0,9514.611855,2317.165458,0,4828.510513,3125.927493,5094.410512,5120.753171,3811.297343,1373.261061,1359.705872,10421.61345,2097.489926,1565.02218,11831.39207,12261.85304,9544.637313,10225.52048,7464.488443,3804.6073,6630.855836,3835.697505,5663.778418,2811.483871,13298.66756,1987.096892,5760.451672,4186.46025,4132.447913,4776.599656,11199.69988,5536.460275,6935.601749,12203.66738,1005.450197,2228.435515,2538.384167,2898.297787,2666.099661,10478.38278,3158.217616,12500.98398,1326.778633,3415.210659,2195.474559,2768.290914,2429.732703,13988.13965,2922.13564,5219.031507,3461.768745,0,5427.098513,6061.522756,6389.355551,6434.799501,5347.457973,1493.372674,11943.27562,10573.31357,1987.096892,11809.27267,2114.491453,10637.76033,1896.832725,5869.330519,2169.160074,3987.664823,0,213.86366,4480.716602,1052.706457,2234.785367,11086.51895,867.087156,6778.428687,238.408894,3850.989993,1608.31071,5842.631585,6373.217775,925.293823,5174.202704,929.991095,6369.300482,1978.558843,10270.27259,4433.931759,7682.950412,2019.958703,3113.225368,2048.586151,1987.096892,4120.997542,1321.753658,5587.938925,4535.592474,11390.24547,1831.96189,4492.260579,2681.806879,4377.090915,2040.314243,3079.819402,5475.335939,4876.073275,6530.988278,5498.085681,6165.710084,6615.555202,3360.83775,4190.551485,11816.87715,3102.210462,3034.304603,2962.543818,14512.10673,1513.037709,1455.308158,11950.76137,12285.66238,6998.078242,10249.52955,1909.960848,4216.871459,12418.61958,1152.030016,1380.125564,1313.236803,0,4693.696945,910.054852,2056.303972,6164.886266,6875.672471,11814.14556,6415.321859,12215.00466,1824.711259,5648.887341,10340.54304,1955.468207,2346.725135,2577.636656,7314.40011,2987.166608,5360.738414,5052.791953,1457.65682,9321.146901,15157.88977,10519.15696,2942.586288,0,4582.467729,4023.613367,815.216395,12859.22213,7287.3054,10344.45669,10602.87366,5226.261433,13267.23475,14883.47515,2174.731349,6949.858758,5442.156301,6248.923367
4808.755695,899.357967,4754.779876,3681.907334,9107.10837,4836.894595,9068.162868,5600.524145,4828.510513,0,6195.453244,3091.417237,3358.47705,6884.023708,4849.567661,3793.748619,11340.75881,5105.280066,5937.344444,12948.55792,9535.895219,7089.596514,9917.329187,9298.65747,7037.495531,1543.665417,870.261249,9600.356956,5719.393152,9974.39116,6293.484951,3643.765484,1514.629881,0,1275.834859,10679.9718,1644.473004,6054.449377,12436.26085,4091.630225,5781.93454,5760.625109,1934.00576,6501.801683,10888.04045,3432.949475,11599.23983,2689.000058,5336.608336,6639.952406,973.012161,6918.70354,15211.76943,5270.860746,1625.839813,6505.381821,4980.181661,3242.712041,4254.864141,5055.20219,4992.615485,2009.986777,4153.97534,13015.55417,9528.474388,6293.484951,12478.68616,5089.896903,11235.83771,5447.469986,7220.512523,4850.966978,6927.521506,4035.823453,3805.580098,8245.488292,3550.393947,4583.86385,11721.71353,3536.784443,10442.04198,5368.444377,403.490957,6097.95127,8101.504451,10663.20784,3878.001018,7985.294315,3948.859515,4141.242587,2501.438826,10079.6,5559.238541,2672.175393,6254.453796,6168.044728,6436.750499,6293.484951,4997.873571,5295.216848,2062.080808,4788.491571,12788.52786,4859.389491,3436.251481,4514.229979,7197.223623,5011.288947,7892.854475,958.144974,4301.451227,3441.768002,651.919908,7722.362247,1528.261688,2192.54839,2192.54839,12478.68616,6307.294751,6979.904964,6308.809895,12599.73808,3251.55893,4528.859953,11846.40492,10754.75949,9642.627018,12170.53762,5732.027029,5795.559212,9170.621757,3732.012785,3710.786679,5104.188804,5122.66786,0,2451.392352,1295.604824,4769.765012,8120.05662,13806.1527,4532.902927,12977.61552,5003.966215,2447.348052,9261.23679,5659.710151,5488.465055,6560.538121,2362.326565,1614.797426,3186.788771,7587.831947,5824.185085,10314.65267,16076.58523,10067.05941,4180.524299,4252.510692,0,96.009846,5184.38372,9048.798028,10691.23459,10101.73128,9934.232137,8227.936121,14746.73741,16827.02619,2198.250062,1957.281746,425.865679,1237.595539
4646.555691,6017.418256,1314.979084,4827.534285,10122.17238,3025.89478,12983.93686,354.801038,3125.927493,6195.453244,0,4124.401772,3856.436405,7232.491973,1400.7995,4595.305498,7052.653136,895.46103,1187.131578,8484.579337,9344.926965,7186.456437,6927.103723,10854.80554,7190.767706,7664.038517,4543.065854,3846.743678,246.219591,10302.53591,5244.748961,4436.035699,4113.600536,5089.14006,5200.236198,7818.561805,7678.184797,4401.263635,8805.239642,2687.424948,407.751139,0,5297.863487,452.927583,7085.602221,1382.542006,9167.497048,2558.81039,806.685545,1286.437763,4807.460552,1317.818366,15620.6212,0,5261.208504,79.461722,2649.209014,4285.215001,4322.789371,4363.78901,4446.716216,5079.893726,1528.777209,8602.354664,7355.597794,5244.748961,8420.031846,735.211907,7237.109316,791.61404,9427.115106,5613.232159,621.036439,3173.867737,3184.550329,1785.55816,3027.218614,394.146925,7686.586006,3091.926622,8463.889247,2867.557607,5611.956286,4882.233612,9264.891527,8572.307138,4067.483055,8477.81437,2962.205709,4760.337915,1877.061119,6951.139039,8009.867494,8943.718235,1105.494731,0,1144.589119,5244.748961,1712.269836,1486.36042,8036.127572,8036.305208,8139.652931,1425.534846,2864.751455,1644.610735,7694.373708,1207.231642,5548.251863,7336.683604,2745.853674,9238.919455,7045.061542,9696.33844,7400.890939,2937.735049,3952.184091,8426.123496,0,740.616358,6426.872794,15235.67598,4986.788318,5032.12823,8555.826006,9033.468258,9898.646558,13202.79194,597.797062,1214.387395,9818.211542,3074.45714,4650.527387,1130.216163,998.615805,6081.872672,3275.242884,3491.61903,4058.128459,10409.18128,14378.16456,4648.624516,8841.12872,1051.37122,5301.584253,7217.113922,789.571294,670.731793,668.834428,8715.488478,3029.823203,4288.2421,8455.634586,4826.955185,12750.38993,16349.02048,7231.061896,1390.971525,1804.977024,6086.521296,5608.253196,1158.378674,10694.59234,4957.627619,7029.728695,7305.368158,8505.909204,15531.74261,15778.31304,4891.000537,8276.328163,6810.326225,7593.044866
6223.658226,1622.727004,3466.106536,5239.077241,6956.711648,5030.973411,12345.53536,3882.61786,5094.410512,3091.417237,4124.401772,0,0,8910.371738,3756.481536,5155.182691,7886.639496,3667.089333,4727.452615,9508.82144,7029.440321,4297.826259,6549.813189,12123.57102,8954.148008,3388.347336,1268.492387,6405.470453,3735.693472,8127.478997,7478.066332,392.331212,672.210946,1665.283661,1263.796451,7518.080718,4903.520964,2609.1288,9103.777161,3872.851627,4148.584479,3927.722253,4142.559553,4740.099609,7456.80103,732.936454,8492.99536,2543.668459,2744.552771,5307.927588,3217.331149,5475.707572,18102.35201,3273.353726,965.798135,4237.910715,4945.603084,43.1879,948.237967,1618.568336,1589.004847,715.515474,3283.419322,9594.868272,6394.963933,7478.066332,9071.32891,3639.668391,7799.268946,3964.804309,10049.25938,6923.389401,4472.323964,4899.206911,4280.195104,5906.649694,3790.936824,2850.651707,8292.71172,3789.386365,12336.77972,5676.878075,3399.217796,7107.639217,10639.4907,11926.93734,4843.169556,10236.77914,3987.880435,1000.785535,1557.776757,6699.621974,8306.514176,4739.194958,4956.585223,4120.205179,5095.912265,7478.066332,2019.639106,4381.584088,5233.318308,7707.608286,9333.804946,3611.39274,326.182446,2845.843535,9406.161788,3639.085709,8609.202173,3847.714526,854.938318,6665.545496,3778.360792,10519.28013,2794.944184,0,0,9071.32891,4263.946127,5076.8994,8084.660421,14734.25876,5241.729499,6223.658226,8549.900959,7978.913429,12344.6403,15219.53332,4364.288501,2927.297673,6922.398645,3817.948176,5170.619474,3981.168046,4839.050817,3065.651863,3703.004817,1975.480879,1341.223162,11064.53151,16915.69667,1231.155968,9577.669195,3772.977761,734.109328,6055.895761,4162.803881,3808.696945,4853.400294,4710.837909,1108.636151,0,10000.11733,6940.282835,13488.05955,18279.16017,6735.836044,2093.010071,3647.37834,3194.017322,3079.600019,4360.971042,7211.446277,7413.340417,6731.717299,6650.843201,10385.39787,17943.27821,18866.94849,4226.746731,3921.613622,3021.88196,3645.027404
6313.254019,2114.990552,3357.010079,5344.711606,6586.942943,5048.525404,12625.15257,3654.396948,5120.753171,3358.47705,3856.436405,0,0,9008.564128,3656.553509,5254.162494,7220.339392,3521.709587,4565.37879,8838.386771,6524.445361,3737.482032,5865.639222,12257.08887,9048.771354,3894.940095,1472.115083,5856.739549,3486.055643,7649.224545,7539.189736,0,974.438357,1970.203037,1608.277664,6829.866174,5201.394163,1937.323166,8418.7028,3899.631399,3943.180234,3678.811464,4288.780541,4486.166426,6784.345449,557.351533,7805.93116,2633.081363,2373.472482,5107.140043,3384.125192,5256.344878,18617.509,3033.164463,1423.607446,3898.452988,4918.510068,0,269.321988,943.948224,902.807,1125.513736,3233.868686,8921.808532,5706.54944,7539.189736,8394.843052,3482.129852,7127.75977,3798.297136,10190.68648,7031.323215,4113.76518,4963.365619,4342.893544,5544.191699,3859.438252,2686.751023,7620.218867,3858.537473,12244.06095,5628.605242,3580.214492,7166.348184,10760.16011,11918.33306,4928.094732,10342.40011,4040.481789,453.044115,1500.402776,6016.909494,8445.860437,5254.27614,4781.694364,3855.760024,4899.182475,7539.189736,1443.939828,4282.874656,5575.799917,7864.404834,8668.023675,3498.756896,0,2715.564746,9514.109709,3507.81696,8595.381377,4266.02032,282.002638,6990.071404,4115.30058,10656.86946,3342.595298,0,127.884252,8394.843052,3996.21672,4806.680247,8177.278908,15163.90772,5362.96696,6313.254019,7863.037497,7296.201871,12446.11905,15354.36524,4175.219771,2531.694869,6526.19982,3877.300712,5273.776891,3862.196829,4698.013546,3325.123708,3777.739899,2115.74361,660.441742,11213.45438,17056.22506,565.026463,8900.191509,3637.897877,1231.094626,5367.658483,3985.79442,3613.789005,4617.429735,5198.123521,1229.947881,0,10112.14266,7000.170842,13655.42423,18349.0436,6049.375511,1945.259432,3620.981194,3421.45181,3270.031201,4215.034355,6950.172912,6841.111903,6047.925489,5963.242102,10485.52735,18286.02553,18451.96052,4356.435431,4455.917829,3459.866243,4121.38954
1735.705266,7978.095791,6287.550446,3175.439411,15704.9286,4111.970305,5018.797574,6497.616767,3811.297343,6884.023708,7232.491973,8910.371738,9008.564128,0,5638.80911,3738.475389,13899.78,6357.921296,5422.554049,15007.52484,16389.03377,13608.49422,14405.03685,2956.599898,46.788776,8108.409801,6808.481918,7774.699061,7014.729247,15757.11561,94.942462,9637.695364,7754.004641,6544.467484,7773.912099,15175.48953,6151.914481,11183.51608,15769.51885,5167.524659,6360.288049,6615.481628,4884.705315,6575.835598,14383.89397,7431.641335,16597.88835,5198.578831,7689.65619,5816.56289,4634.291693,5744.398609,9943.199416,7139.607867,8315.197224,7419.706731,4138.439547,9294.432831,10106.21316,10525.88551,10555.86906,8569.689691,5725.901647,15086.42875,14826.38581,94.942462,15197.75645,6358.026629,14457.43631,6071.344704,1676.695812,0,7944.344281,2469.950346,3898.021211,7878.553934,5068.965992,6510.505498,14784.98253,4761.576984,3152.638458,1886.623853,5439.669457,1865.138236,1331.483984,3391.471051,3918.352828,787.145609,4995.666693,10285.97951,6093.625614,14422.15159,1632.087532,8536.966377,5836.348965,7237.652894,5762.562212,94.942462,8395.286755,5520.756687,5746.033922,2572.190382,12911.148,6108.638132,8514.417621,6945.664727,0,6312.226584,1929.546467,6401.287569,9103.717847,5752.807553,6923.901401,1775.651189,8222.476259,7318.93159,7792.064639,15317.07226,7113.662634,6016.631765,25.046043,10459.33476,2883.474659,1411.276303,15782.48892,16512.43354,2911.549154,5890.945718,5980.580298,8459.375478,16213.42127,5110.54408,3648.500352,5549.866308,2499.509313,6812.766271,3317.404096,5152.471519,10306.30165,2473.890907,7563.649165,10432.83036,15461.79936,6095.195526,8985.174339,14614.2052,6093.023089,6564.050567,6171.002029,8119.043644,6562.752432,9210.036877,578.539486,1730.788553,4811.477798,11040.55869,14710.05356,7215.233418,4248.18346,6126.70332,6184.565314,4809.266831,16122.23504,7179.069505,14502.44232,14782.78116,985.524778,8999.004086,11019.3634,3735.666292,7955.723658,7024.896371,7462.310063
2921.770485,5170.084155,149.92766,2925.544437,10834.82744,1253.394465,11287.90175,572.970334,1373.261061,4849.567661,1400.7995,3756.481536,3656.553509,5638.80911,0,2694.486397,8705.161954,223.951748,812.247449,10153.2538,10454.77141,7841.377432,8354.202346,9296.411547,5627.030669,6535.071106,3360.92191,5066.916979,980.983031,11449.91569,3739.203145,4325.373673,3243.125308,3980.314312,4200.85086,9357.592958,6099.757573,5128.761408,10425.99263,846.469838,640.769633,826.657025,3551.043187,1317.228777,8652.947705,1322.021703,10632.91114,1064.072546,1534.394794,1486.119527,3150.83709,1733.47557,15418.97154,1048.328714,4436.366024,1762.343465,920.162654,4032.37207,4463.773544,4709.04094,4766.648481,4391.388193,0,10273.80172,8693.484448,3739.203145,10060.79353,273.337161,8836.622864,258.289188,7686.020496,3994.428104,2305.439452,1368.436584,1301.999296,3211.444849,1167.645621,395.913769,9304.658853,1229.934582,8089.05678,1487.114011,4075.424892,3372.724721,7677.65177,7774.020104,2168.68393,6984.513456,1070.818062,4851.558873,936.016286,8402.782704,6175.975519,7738.334959,1078.505153,1366.109582,1279.618503,3739.203145,2256.214883,164.654988,6365.730466,6144.349791,9813.67831,0,3029.661984,947.14487,6180.071021,171.172341,4472.695952,5923.42397,3136.114304,7505.021055,5660.466226,7997.835581,6501.924694,2164.725165,3192.630193,10064.70127,1444.664592,1799.307104,4796.29849,15604.85195,3108.253654,3227.592667,10120.8165,10409.71174,8689.543179,11997.32966,531.756292,2344.014451,10723.47545,1224.462915,2750.712453,0,658.739065,4714.148607,1408.908423,2134.322203,4467.212065,8705.613407,13475.31282,4820.539009,10495.67672,0,4657.901789,8459.794827,461.466993,539.75106,1382.313372,7442.945957,2086.664108,3992.384393,6880.897386,3242.31681,11159.44356,16511.90196,8646.728076,1127.359299,0,4711.175515,4186.511555,151.817067,11299.00446,6639.740273,8475.948576,8731.3517,7026.287605,14884.85562,16088.48465,3081.627747,7032.399787,5502.560811,6314.840371
1084.689197,4808.62091,3146.679569,193.045353,12563.1609,1454.321239,8640.675787,3762.271427,1359.705872,3793.748619,4595.305498,5155.182691,5254.162494,3738.475389,2694.486397,0,11878.2233,3393.344863,3251.417746,13353.79342,12634.88895,9855.594024,11284.11788,7140.285371,3783.241699,5547.892035,3333.341253,7435.797681,4176.099837,13744.27326,2548.338124,5882.543192,4013.420801,3237.331749,4213.066449,12414.10837,4186.678798,7577.372979,13577.83203,1841.601279,3748.099174,4024.589656,1647.229227,4295.114728,11757.27939,3886.894006,13541.14376,1450.054099,4511.902971,3927.811632,1647.281437,4183.641075,14240.12183,4114.014375,4741.830119,4958.642524,1687.18251,5539.220055,6364.660506,6817.560295,6839.785989,4944.683203,2388.601931,13475.3228,11456.02566,2548.338124,13238.26274,3415.427635,11976.37443,3404.039438,5228.515516,1786.889837,5497.292844,205.57974,454.848501,6179.208156,1564.634575,3331.43141,12461.4916,1273.646722,7260.139669,1727.136631,2587.775859,2279.74694,5554.519073,7083.15795,325.502379,5076.537284,1598.36476,6531.155904,2528.687686,11367.95784,3564.287534,6460.03653,3706.70801,4565.654829,3767.957936,2548.338124,5004.495668,2872.387757,4193.760972,3418.401219,13015.69858,3031.801556,4789.77961,3566.967547,4254.997651,3294.279478,4068.840684,4159.511414,5510.982842,5123.680196,4298.544099,5627.942913,5540.253907,3576.974165,4053.19454,13239.83439,4627.108201,4709.495459,2917.227678,13947.61308,534.098842,1084.689197,13194.71898,13179.48837,7178.714843,10177.24695,3477.501038,5408.397821,12539.27473,1574.995055,34.243395,2770.265271,1678.108506,3674.262026,27.05248,1450.690435,6594.431761,6291.610863,11861.44708,6684.372205,13685.64437,3114.265562,5330.320754,11166.18335,3478.686715,3740.48626,4261.908399,6064.353001,2807.748953,5454.824983,4864.861012,2022.614628,8839.645739,15328.62682,11554.10791,3821.990816,1324.761863,3461.358528,2974.097898,2439.889205,12727.6003,8971.804877,11431.49879,11592.14416,5214.94051,13286.8704,15300.29973,767.156029,5723.038919,4330.532824,5076.640344
11849.12992,9688.867817,8538.406356,12094.38511,4792.475182,10335.52093,14256.74036,7632.280631,10421.61345,11340.75881,7052.653136,7886.639496,7220.339392,13899.78,8705.161954,11878.2233,0,8165.963963,8311.864212,1211.159717,3490.011319,2058.176427,1666.880535,16188.76725,13751.46128,11131.78297,9473.13811,1687.248782,7397.158829,4274.28259,10849.48015,6993.981435,8919.56134,9736.061502,9518.028476,959.732017,13154.29799,4984.612323,1538.748951,9885.560644,7729.751719,7271.036993,11959.24513,7296.7942,200.200615,6404.977556,2227.952975,9429.774295,6223.280063,8007.757996,11279.66796,7555.371278,11785.69712,6563.220816,9160.96483,6302.227188,9949.704362,7503.740385,6025.0053,5978.996432,6025.0053,8966.760562,8652.935731,1344.015942,1971.083213,10849.48015,1109.985185,7985.878914,102.488456,8124.796797,15001.24843,12562.76531,6152.719064,10497.58468,10499.8603,5630.262916,10217.84695,7468.874197,417.950734,10279.44683,10943.86429,9884.664827,11547.84655,11660.10381,15360.48833,12236.42494,11369.36912,14534.15274,10200.18735,6769.470819,8072.142638,1501.58052,15279.30465,12086.00301,8073.801652,7302.48314,8043.331848,10849.48015,5724.222803,8790.675855,13428.71185,15319.77163,928.100084,8649.283943,6397.617388,8321.678666,13848.15012,8445.81845,11240.84703,11946.97677,5733.530889,14872.92206,12013.93759,15854.79347,10174.14945,7673.787382,8111.338063,1122.289043,7103.78544,6419.083249,13287.07584,10693.74653,12321.87074,12285.5011,1377.613534,2326.653596,14289.26455,13816.68159,7744.959495,6212.394974,4662.524169,10233.91039,11937.43689,8460.301592,7357.253267,11314.03109,10400.10437,9843.57445,5858.68933,16857.86581,12973.83314,6500.375388,1517.279125,8368.513172,8895.219856,2406.188946,8123.970278,7951.461554,7346.061355,12358.18556,8854.336787,7783.367302,14758.07282,11772.3567,16592.1998,11391.11912,1674.747729,7790.60191,9097.089654,11423.10516,11261.79906,8429.736173,5901.668184,105.970406,1523.286006,1027.963481,14430.07236,12999.37755,10942.835,11784.63759,11064.26459,11034.17537,11542.00206
3646.502593,5234.091228,77.23922,3620.31037,10515.00287,1978.276641,12008.58831,160.970927,2097.489926,5105.280066,895.46103,3667.089333,3521.709587,6357.921296,223.951748,3393.344863,8165.963963,0,801.97332,9620.594136,10023.55866,7516.087705,7822.726942,10016.02849,6344.157651,6717.418435,3519.916409,4858.811043,442.93712,10995.45455,4439.945946,4182.776976,3292.479247,4148.162864,4307.102854,8818.186286,6487.962444,4748.572502,9884.635456,1450.902709,369.347883,332.695895,4055.467978,1090.2113,8111.579128,1017.190382,10099.5098,1348.013878,1040.096614,1446.336101,3585.014668,1657.128836,15838.99256,541.64012,4494.449805,1257.953619,1640.384581,3917.911112,4245.546751,4442.348321,4506.185633,4400.996377,281.938079,9742.393666,8184.811498,4439.945946,9521.209542,0,8294.806876,69.007517,8408.819281,4713.545543,1797.4695,2090.078665,2020.191123,2841.878255,1791.072817,157.451558,8763.331806,1855.82134,8470.651746,2112.02551,4429.892086,4078.155784,8398.963285,8296.503103,2872.844699,7693.626564,1734.467219,4652.505745,1104.381427,7868.914761,6896.345588,7945.752098,1044.823869,856.667498,1231.854158,4439.945946,1862.375968,671.663844,6816.034596,6849.243608,9283.896483,186.624725,2841.165884,803.30234,6890.844864,0,5046.770997,6220.020748,2854.727129,8005.522911,5939.754418,8722.665637,6612.99996,2193.213366,3231.776062,9524.850862,957.080289,1531.967385,5517.753342,15816.8617,3823.617192,3946.449911,9580.001772,9887.629935,9335.299414,12659.16595,465.55365,1815.030466,10336.99396,1837.784248,3451.170091,130.583207,1038.454852,4978.63954,2039.138295,2360.401233,4182.763635,9430.2394,14072.99339,4598.394324,9958.393218,0,4657.554718,7965.615233,284.641603,47.563862,1138.953059,7678.211359,2132.067024,3888.603519,7599.663636,3955.054477,11882.19908,16836.9068,8116.35138,856.879853,596.359012,4980.753645,4476.698,435.511526,11024.71758,6137.592128,7942.644271,8200.057973,7732.427921,15430.73285,16343.54671,3644.142301,7254.954711,5750.613679,6547.284905
2961.489412,6283.477812,1029.267094,3489.744961,11388.26871,1500.896616,11162.944,573.369699,1565.02218,5937.344444,1187.131578,4727.452615,4565.37879,5422.554049,812.247449,3251.417746,8311.864212,801.97332,0,9709.603183,10758.32565,8401.33173,8357.338346,9025.902049,5371.461664,7666.710006,4494.806268,3851.671063,1083.610159,11709.39473,3425.051435,5220.984814,4346.040681,5115.469492,5330.579902,9216.704906,7048.314929,5610.30772,10126.25388,1762.983308,400.086049,574.475382,4424.550939,555.148897,8469.153956,2008.168954,10591.63907,2184.172017,1841.867477,160.774559,4092.184223,479.425234,14403.07695,1123.676399,5545.939436,1452.028676,1117.745624,4967.450713,5237.999905,5387.217346,5457.34176,5467.98596,1088.107625,9820.598793,8783.903802,3425.051435,9714.61099,710.614854,8594.041296,359.169912,7682.941174,3828.652805,1930.495752,1678.17038,1820.395939,2386.402288,2027.596844,911.818927,9019.82907,2096.919102,7040.433434,1060.956946,5093.168168,3058.706028,7443.413207,6956.500491,2732.182134,6646.316936,1899.215615,5656.456593,2069.028532,8380.33547,6386.2812,8846.477692,0,1199.715408,0,3425.051435,2751.187592,333.891016,7246.360211,6548.622713,9332.247048,1023.540847,3806.324136,1869.647518,5865.921762,947.408174,3776.120443,6905.590424,3803.572657,8324.099329,6724.587373,7917.293043,7639.659199,3251.555808,4289.203863,9724.299623,1078.077736,915.447708,4636.583696,14392.29695,3522.995366,3433.271545,9930.198718,10463.6186,8117.74259,11443.84533,0,2510.704124,11158.4923,2114.847476,3294.064856,364.342134,0,5799.137142,2239.537584,3226.229086,5116.105796,8628.630487,12770.79888,5585.733075,10104.75077,648.9372,5726.205683,8631.067092,270.829274,743.313184,469.162604,8530.312672,3183.917812,4943.035423,6635.067089,3039.952602,10922.52737,15393.61754,8661.400008,1886.096219,1043.850596,5791.640635,5224.723374,0,11929.91663,5848.474363,8459.213403,8735.553894,6673.789892,14061.62247,14908.46554,3913.908367,8132.01479,6587.664068,7411.718916
13216.85728,11222.64897,10012.49939,13580.75496,4848.285267,11750.37641,12837.00792,9078.42408,11831.39207,12948.55792,8484.579337,9508.82144,8838.386771,15007.52484,10153.2538,13353.79342,1211.159717,9620.594136,9709.603183,0,3652.747903,2609.121249,3053.679448,16344.30412,14823.65864,12513.92322,11096.58455,2626.917037,8860.507344,4261.343071,11431.10622,8596.057595,10528.44679,11267.45564,11089.93973,1477.19385,14727.55649,6601.614893,629.682568,11383.26282,9158.66235,8694.055454,13587.44027,8697.752621,1675.097036,8037.748054,1759.010208,10992.17286,7742.271615,9374.209572,12923.30434,8826.58029,10448.89263,8016.841619,10726.11675,7723.103193,11363.22755,9121.49193,7625.128336,7585.697228,7625.128336,10564.38471,10153.20884,0,3130.564181,11431.10622,59.564718,9442.690049,1413.146954,9559.206244,14309.18151,13833.57298,7583.849633,11917.48213,11953.07611,6953.03904,11721.82441,8934.735396,1004.678472,11785.41248,11170.33823,11238.05565,13188.94823,12912.64368,15942.73284,12564.99687,12830.41529,15337.98372,11689.15108,8336.613446,9679.640552,2889.642157,16625.58371,13325.57442,9462.464769,8736.977108,9423.456223,11431.10622,7366.190735,10211.21468,14900.13058,16804.96974,0,10122.51237,8020.087223,9875.134979,14764.17457,9913.109693,12040.02649,13431.05751,7373.874663,16351.54298,13575.4341,15974.64879,11557.7282,9310.368219,9744.110637,330.317543,8534.238123,7682.958893,14492.29231,9449.351758,13753.03635,13563.35476,959.156976,2294.022875,14550.17571,12869.74557,9155.734354,7778.142752,4926.561399,11757.39486,13411.36099,9896.010753,7748.982733,12922.74179,11939.91047,11471.41245,7473.091975,17427.66398,11828.24766,8082.211842,162.469229,9810.293737,10460.86008,3543.540972,9554.55974,9401.274656,8688.477461,13666.53942,10485.78523,9406.075042,15601.13324,13052.21618,15952.67813,10028.37235,2913.960447,9353.589493,10551.90514,13042.44474,12898.61181,9839.943617,6103.151038,945.219653,2882.551052,1787.353745,15145.44615,11719.63621,9628.229563,13379.70795,12287.59374,12513.56661,12970.39976
